V1,V2,V3
76.000000,28.778000,145.870636
76.000000,28.751333,141.414963
290.000000,28.286667,91.445496
350.000000,27.511333,72.934074
443.000000,26.669334,56.036774
472.000000,26.826000,57.545212
511.000000,26.978666,56.300217
504.000000,27.822666,58.292419
613.000000,25.916000,48.473389
589.000000,26.811333,48.760303
565.000000,27.228666,49.024780
577.000000,27.020000,47.967079
594.000000,26.636667,46.942272
547.000000,26.944668,47.207340
479.000000,27.128666,46.019760
405.000000,27.324001,46.647312
361.000000,27.473333,46.787304
139.000000,24.511333,111.135162
140.000000,24.263332,106.372246
170.000000,27.827333,151.833054
197.000000,25.336000,128.530350
161.000000,22.184668,96.141953
605.000000,25.576000,49.204834
489.000000,24.332666,71.347420
536.000000,26.493999,55.064140
527.000000,26.846666,56.213703
527.000000,24.304001,57.828568
505.000000,23.514000,58.542236
414.000000,24.943333,71.087578
434.000000,23.758667,68.200043
430.000000,24.312000,71.829361
388.000000,22.013334,71.299858
344.000000,19.390667,74.654366
357.000000,20.204666,74.173515
359.000000,20.150667,78.253014
84.000000,28.757999,152.389832
83.000000,28.502666,148.378098
565.000000,27.094000,47.553032
466.000000,27.291332,46.483395
553.000000,27.146000,47.713947
427.000000,27.374666,46.201298
407.000000,27.327999,46.370708
439.000000,27.645332,62.927956
256.000000,28.288000,95.453247
149.000000,22.834667,102.823151
449.000000,25.419333,74.336952
160.000000,20.663334,96.183945
191.000000,26.180666,135.595657
242.000000,24.952000,92.738304
158.000000,21.271334,91.057213
115.000000,28.287333,160.540237
39.000000,28.596001,92.828575
252.000000,28.219999,98.394989
292.000000,28.013334,94.304924
379.000000,26.896666,71.365753
438.000000,23.450666,70.981064
396.000000,25.963333,74.031532
449.000000,24.700001,67.095383
444.000000,25.367334,65.960175
349.000000,19.691999,76.520340
522.000000,25.555332,62.286324
612.000000,25.490000,53.485920
591.000000,24.480667,58.400772
591.000000,24.986000,55.912849
463.000000,27.325333,47.083416
345.000000,27.472000,47.750931
559.000000,27.147333,47.674137
358.000000,27.485416,46.853943
475.000000,27.488001,48.226536
420.000000,27.430000,47.150040
517.000000,27.473333,56.435638
521.000000,27.614666,55.370548
553.000000,27.360001,50.088104
552.000000,27.313334,48.371292
560.000000,26.567333,50.783642
566.000000,26.930666,50.503201
562.000000,27.200666,50.420059
494.000000,27.669334,58.799294
395.000000,27.604668,59.537601
278.000000,28.287333,88.622353
204.000000,25.072666,79.494835
133.000000,28.846001,148.831940
111.000000,28.190666,153.496124
109.000000,28.264000,162.842545
257.000000,25.021334,89.127090
157.000000,20.567333,94.538628
177.000000,22.567333,93.463982
192.000000,25.243999,119.533623
150.000000,28.265999,139.733109
64.000000,27.760666,95.144897
408.000000,27.515333,48.806660
425.000000,27.701332,62.303677
516.000000,27.605333,50.727970
510.000000,27.602667,49.971123
121.000000,28.434666,144.690384
508.000000,25.278667,65.293159
102.000000,28.214666,159.617493
102.000000,28.257999,156.149826
337.000000,26.234667,89.343605
168.000000,24.670666,112.175156
305.000000,25.434668,87.855988
268.000000,24.423332,89.757637
164.000000,21.444000,89.551659
152.000000,21.213333,94.184578
172.000000,23.735334,104.278992
130.000000,27.850666,129.494415
395.000000,27.563334,48.902317
501.000000,27.451334,48.864231
494.000000,27.418667,48.372135
470.000000,27.518000,49.163261
415.000000,27.656666,61.542625
430.000000,27.823334,61.487091
491.000000,27.094666,53.724480
511.000000,27.246000,53.396362
513.000000,27.400000,48.025730
498.000000,27.521999,49.119308
507.000000,27.655334,54.714211
524.000000,27.474667,53.654877
401.000000,27.746000,51.659836
397.000000,27.756001,51.889393
413.000000,27.948000,59.543293
96.000000,28.140667,154.407303
100.000000,28.090668,149.891922
225.000000,25.385334,93.112160
360.000000,25.812000,85.792641
482.000000,21.924000,80.306335
447.000000,20.052000,77.920738
379.000000,22.767334,80.712334
398.000000,24.480000,79.640343
507.000000,25.012667,63.516911
483.000000,26.362667,59.998093
507.000000,24.873333,69.102463
331.000000,27.450666,49.144112
144.000000,27.944000,140.685699
75.000000,27.531334,99.474304
88.000000,27.512667,108.684174
505.000000,27.367334,48.307240
509.000000,27.255333,48.110222
468.000000,27.639999,50.916058
489.000000,27.814667,57.226612
434.000000,27.854000,61.965656
453.000000,27.697334,58.082760
412.000000,28.018667,64.914230
381.000000,27.766666,51.817440
77.000000,28.530666,116.709732
431.000000,22.974001,63.803482
505.000000,24.076668,63.797623
418.000000,23.233334,64.668114
98.000000,28.176666,146.820160
98.000000,27.796667,134.637283
147.000000,26.924000,118.047150
137.000000,26.709999,120.951897
115.000000,27.670000,129.263824
306.000000,26.033333,88.640625
426.000000,23.422667,72.415688
442.000000,25.046667,77.151726
382.000000,26.029999,82.182175
457.000000,22.364000,77.713448
468.000000,23.266001,76.430199
291.000000,28.336000,94.866592
163.000000,28.421333,108.881493
407.000000,24.793333,68.131767
565.000000,26.541332,54.354057
519.000000,26.948668,58.722408
448.000000,23.582001,74.466156
514.000000,26.124668,66.943665
455.000000,26.119333,59.848904
473.000000,25.177999,65.436172
433.000000,23.261333,71.155815
584.000000,26.582666,49.296646
609.000000,25.884666,51.796925
608.000000,25.343334,55.103958
607.000000,24.839333,55.945053
145.000000,27.948666,147.954346
101.000000,22.973999,98.807770
481.000000,27.539333,51.425838
462.000000,27.932667,59.490475
410.000000,28.025333,63.389591
431.000000,27.931334,61.522453
91.000000,28.583334,114.503624
299.000000,27.413334,45.503120
407.000000,22.487333,62.381958
546.000000,25.092667,62.915359
454.000000,23.703333,68.309059
458.000000,24.084000,72.356750
399.000000,25.473999,71.851120
391.000000,25.498667,75.790100
411.000000,25.044666,71.587723
425.000000,25.020666,68.937462
351.000000,25.609333,82.854828
311.000000,24.841999,80.938797
386.000000,25.518000,80.482895
196.000000,26.363333,103.818954
172.000000,26.507999,107.390190
109.000000,28.202000,128.973404
88.000000,28.448000,138.622009
92.000000,28.453333,141.131973
93.000000,28.492001,146.503571
77.000000,28.812668,139.398087
219.000000,28.236668,100.435760
298.000000,28.255333,92.986084
267.000000,28.396000,95.172905
456.000000,26.291332,57.414875
415.000000,24.889334,67.402107
514.000000,26.626667,56.072651
485.000000,25.402000,60.749920
591.000000,26.341333,52.251930
529.000000,27.762001,56.572048
517.000000,27.863333,57.803738
599.000000,26.014668,53.016464
612.000000,25.152666,53.242840
559.000000,27.031334,48.332275
354.000000,27.511333,47.168346
105.000000,23.051332,105.420227
374.000000,28.041332,65.218307
442.000000,27.714001,52.765640
79.000000,28.751333,114.928802
111.000000,29.112000,126.606407
408.000000,25.096001,68.855453
391.000000,25.357334,70.509247
417.000000,25.007334,72.843430
128.000000,27.934666,122.436790
85.000000,28.398001,137.972839
558.000000,26.292667,48.797634
598.000000,25.351999,51.040043
472.000000,23.246666,62.559498
509.000000,25.247334,57.272995
519.000000,25.175333,65.970695
