V1,V2,V3
2735.000000,27.511333,77.208870
2913.000000,27.282667,78.189339
3877.000000,26.160000,81.252731
4236.000000,26.526667,81.172691
4496.000000,26.978666,81.987495
4506.000000,26.271334,81.240242
4013.000000,26.811333,83.126213
3824.000000,27.228666,83.397438
3843.000000,27.020000,83.088852
3869.000000,26.636667,83.018211
3004.000000,27.368668,82.719879
2659.000000,27.473333,79.865456
1596.000000,27.455334,77.487274
1392.000000,28.883999,72.247208
1846.000000,29.220001,63.930763
2036.000000,25.336000,66.690353
1767.000000,28.737999,65.786308
2215.000000,22.382668,66.971619
2190.000000,22.184668,68.428062
1586.000000,28.681999,61.708088
2334.000000,26.240000,75.006592
1777.000000,27.936001,76.505463
2063.000000,17.562000,73.106735
1532.000000,27.840668,80.200836
1108.000000,28.866667,64.202499
1315.000000,28.799999,61.795284
1529.000000,28.771999,62.347717
1789.000000,29.213999,62.225670
3529.000000,25.576000,81.883698
3902.000000,26.493999,80.790901
3572.000000,23.514000,75.060005
1442.000000,28.927999,61.014904
3131.000000,24.943333,75.164818
3412.000000,23.758667,76.853333
3689.000000,24.312000,77.242195
3595.000000,22.013334,75.803154
2904.000000,19.390667,73.365936
3186.000000,20.150667,72.599129
2242.000000,26.271999,74.627335
2914.000000,25.752666,76.659843
1451.000000,28.276667,69.042908
1583.000000,28.122000,68.957603
1395.000000,28.757999,66.916702
1399.000000,28.502666,66.523819
1433.000000,28.453333,68.553230
3251.000000,27.291332,83.185349
3053.000000,27.374666,82.852936
2933.000000,27.327999,81.290352
4467.000000,26.757334,82.385818
3656.000000,27.545334,80.886963
4594.000000,27.023333,81.489395
2471.000000,28.091333,76.201546
1314.000000,28.430668,69.536964
1455.000000,30.028667,55.187080
1443.000000,30.133333,54.225685
1685.000000,29.218000,65.115364
1996.000000,24.740667,72.568939
1052.000000,27.997223,77.339348
2026.000000,17.587999,74.431725
2606.000000,25.419333,75.999481
2542.000000,23.214666,72.929329
1806.000000,27.796000,78.923851
1759.000000,28.042665,64.111755
1882.000000,27.440666,64.377350
2206.000000,20.663334,67.931465
1985.000000,26.180666,65.393311
2121.000000,24.952000,68.652374
2215.000000,21.271334,69.240158
1985.000000,17.540001,74.714500
1649.000000,28.287333,64.036530
1448.000000,29.699074,54.769581
1908.000000,29.526667,59.992321
1893.000000,28.520000,63.235786
1747.000000,28.258667,66.315002
985.000000,28.514814,69.673439
1017.000000,28.596001,68.218094
3404.000000,23.450666,74.827370
4227.000000,24.700001,77.753647
3171.000000,19.691999,72.496918
1367.000000,28.794666,67.556656
4053.000000,25.584667,79.716156
3968.000000,24.986000,79.899506
2454.000000,27.472000,78.856316
2312.000000,27.530666,79.319832
1410.000000,28.943335,65.078697
2693.000000,27.485416,78.330048
4255.000000,27.473333,81.885391
4125.000000,27.360001,83.571075
4006.000000,27.313334,83.258415
4544.000000,26.798000,82.114975
4417.000000,26.930666,82.754463
4260.000000,27.200666,83.333328
3899.000000,27.724001,80.843735
4186.000000,27.669334,81.795837
3172.000000,27.474667,80.586662
3474.000000,27.826000,80.706490
1921.000000,28.351334,73.023308
1307.000000,28.511999,70.117912
2044.000000,25.072666,72.949524
1424.000000,28.366667,75.792885
1839.000000,29.032667,68.608368
1831.000000,28.681334,69.634033
1830.000000,28.993999,65.114807
1821.000000,29.023333,65.329613
1653.000000,28.846001,65.739777
1747.000000,28.924667,65.786301
1830.000000,28.849333,64.685844
1817.000000,28.760666,63.706604
1891.000000,26.948666,65.822716
1869.000000,27.645334,67.137383
1945.000000,26.444666,66.740326
1946.000000,21.473333,66.510529
1692.000000,27.908667,78.418221
1559.000000,28.458668,75.719658
1392.000000,28.052000,78.605400
1450.000000,28.177999,77.554634
2823.000000,25.198000,76.248322
2174.000000,17.165333,74.275185
1664.000000,28.190666,64.724739
1638.000000,28.198668,64.213173
1611.000000,28.264000,64.116898
2072.000000,17.792000,76.150200
2225.000000,20.567333,68.242622
2255.000000,23.484667,71.535194
2178.000000,24.556667,66.907578
2091.000000,25.243999,66.770096
1750.000000,28.150000,64.768219
1760.000000,27.846001,64.450569
1517.000000,28.875334,59.937828
991.000000,28.545334,68.225723
1020.000000,28.676666,68.189713
1870.000000,27.660000,63.986485
1732.000000,27.985332,66.464478
1803.000000,27.842667,64.636620
1486.000000,28.458000,67.638763
1937.000000,28.122000,62.019829
1847.000000,28.166666,63.505566
2047.000000,28.694666,60.403992
1895.000000,28.265999,62.008362
1873.000000,28.270000,62.309998
1832.000000,27.779333,63.205719
1623.000000,27.045334,70.680061
1455.000000,27.969999,73.671837
965.000000,28.125999,77.493378
1910.000000,29.138000,61.284370
2814.000000,27.507334,76.637184
3547.000000,27.464666,80.995941
2836.000000,27.658667,77.533981
4168.000000,27.496000,82.371185
3714.000000,27.602667,82.467537
4025.000000,27.509333,83.279686
1320.000000,28.454666,69.848755
1354.000000,28.397333,70.367584
1225.000000,28.692001,67.884148
2489.000000,27.976000,75.359512
1296.000000,27.954666,78.077965
1586.000000,29.382668,59.198715
1614.000000,28.434666,65.611511
1570.000000,28.931334,62.816292
1686.000000,27.410000,80.468071
3051.000000,24.900667,75.721855
1713.000000,27.854000,66.251579
1650.000000,28.258667,66.210808
2134.000000,26.234667,72.141098
2115.000000,18.166666,74.717522
2286.000000,22.819334,72.074539
2270.000000,21.213333,68.217651
2327.000000,22.733999,68.436356
2235.000000,23.735334,68.162308
974.000000,28.599998,69.595978
936.000000,28.648485,69.988869
2018.000000,27.279333,60.246784
1884.000000,28.092667,61.690140
1685.000000,26.336000,66.153000
1807.000000,27.850666,63.851681
1731.000000,29.602001,58.772942
1010.000000,28.066666,79.001862
1444.000000,28.275333,74.270378
1493.000000,27.908001,74.613358
1779.000000,27.474667,65.197296
1865.000000,28.197334,62.796036
1933.000000,28.740000,62.277264
1916.000000,28.432667,62.048996
1868.000000,29.224667,62.183987
1916.000000,28.722668,61.872074
1423.000000,29.896666,55.806904
2820.000000,27.518333,77.124428
3604.000000,27.418667,82.195732
3267.000000,27.558001,80.360435
4181.000000,27.109333,81.812790
4223.000000,27.094666,81.920212
4202.000000,27.246000,81.729416
4073.000000,27.514668,83.016861
3690.000000,27.521999,82.442642
4017.000000,27.655334,82.295044
4159.000000,27.474667,82.616028
4010.000000,27.649334,82.894325
1256.000000,28.520666,69.640877
1124.000000,28.312666,65.419678
1118.000000,28.410000,64.469826
3125.000000,27.718182,78.197594
3167.000000,28.097332,78.991196
3342.000000,27.948000,79.164688
1600.000000,28.430668,67.323318
1595.000000,28.271999,65.523033
1537.000000,28.090668,64.837868
1535.000000,28.303333,66.407700
2060.000000,25.385334,72.079361
2286.000000,23.285999,72.026955
2160.000000,25.812000,73.035522
1816.000000,27.056000,69.568169
2454.000000,22.767334,71.294540
2396.000000,24.480000,70.921593
2807.000000,26.362667,79.735626
2874.000000,25.363333,77.072807
3275.000000,24.873333,76.253059
2985.000000,22.581333,74.583504
2200.000000,27.199333,81.591911
1067.000000,28.450001,70.897736
1405.000000,28.317333,70.605537
953.000000,28.486666,72.158035
920.000000,28.296154,75.448776
1914.000000,28.028000,61.241993
1877.000000,27.944000,62.284309
1963.000000,27.955999,60.428513
1901.000000,29.308666,62.404957
1488.000000,27.892000,69.745880
1890.000000,28.806000,63.758801
1872.000000,28.456667,62.790398
1932.000000,28.624666,62.304283
1615.000000,29.575333,59.442924
1069.000000,28.081333,76.914223
1037.000000,28.091333,76.996979
1838.000000,22.820000,65.568497
3035.000000,27.568001,79.131783
3432.000000,27.576000,80.726654
2496.000000,28.087334,76.770073
1509.000000,28.551332,71.045799
3886.000000,27.558666,82.566528
3871.000000,27.814667,81.303841
3617.000000,27.854000,80.457321
3422.000000,28.018667,79.821098
3868.000000,27.670000,81.418251
3018.000000,28.029333,78.538170
2893.000000,28.003334,78.354042
1183.000000,28.456667,67.781830
1227.000000,28.557333,69.223831
3112.000000,27.987333,78.989403
3067.000000,27.752380,78.980904
2474.000000,28.214001,77.299232
1165.000000,28.644001,67.369034
2899.000000,28.001333,78.602348
1413.000000,28.508667,70.517380
2342.000000,28.245333,76.771904
1655.000000,29.216667,61.762104
1603.000000,29.718887,58.914627
1530.000000,29.304167,60.477020
1541.000000,28.754667,62.976227
1592.000000,28.630001,63.242817
1835.000000,29.330000,61.652657
1282.000000,28.691999,62.897858
1147.000000,28.490580,65.224297
2097.000000,27.308666,81.128761
2182.000000,27.321333,80.334457
2806.000000,25.993334,81.920982
1573.000000,27.796667,66.324638
1593.000000,28.331999,68.856850
1569.000000,28.476000,67.889221
1824.000000,26.709999,67.610062
1862.000000,26.600000,71.995506
2016.000000,26.106667,74.582710
2415.000000,25.046667,72.877243
2222.000000,26.029999,74.308548
2573.000000,19.831333,76.498550
1381.000000,29.201334,60.143478
1706.000000,28.360666,71.817085
1499.000000,28.088667,69.388176
1564.000000,28.351999,70.652977
3101.000000,26.514000,77.661591
2120.000000,27.828667,74.707718
4143.000000,26.948668,81.505447
4422.000000,23.582001,75.223709
4368.000000,26.124668,79.278267
4125.000000,26.119333,79.932205
4587.000000,25.177999,78.523506
4270.000000,25.715332,80.387978
4126.000000,25.343334,80.982910
4029.000000,24.839333,79.726303
1508.000000,27.876667,70.362221
1467.000000,28.066000,70.727310
1556.000000,27.606001,70.861473
1806.000000,27.360666,63.947590
1894.000000,27.948666,60.929775
1862.000000,27.738667,62.312107
1089.000000,28.546000,72.614922
1413.000000,28.262667,71.175354
1024.000000,28.299334,75.046478
1819.000000,22.973999,66.504593
1211.000000,28.597332,73.220284
1814.000000,29.171999,63.333328
3063.000000,27.597334,79.817871
2537.000000,28.026667,77.357323
1278.000000,28.573334,69.579872
3688.000000,27.638666,81.933037
3624.000000,27.684000,82.112030
3700.000000,27.882000,81.162109
3821.000000,27.539333,82.854515
3687.000000,27.932667,80.570686
2872.000000,28.112000,78.335487
1214.000000,28.532000,69.331841
1902.000000,28.298000,73.680145
1690.000000,28.333334,73.217941
2745.000000,28.095833,77.156120
2675.000000,28.251333,78.660439
1121.000000,28.697332,66.293495
1185.000000,28.583334,67.755997
1431.000000,29.261333,62.057987
1359.000000,29.032408,63.200596
1323.000000,28.971428,62.177750
1819.000000,28.982666,62.343304
1606.000000,28.920668,63.626049
1802.000000,28.495333,62.151466
1850.000000,29.151333,61.436993
2050.000000,27.413334,80.223618
2902.000000,26.166000,82.393974
2375.000000,27.422001,81.326759
3122.000000,22.487333,73.391212
3432.000000,25.092667,77.595924
3258.000000,26.585333,79.440033
2977.000000,21.220667,76.219101
2433.000000,25.473999,75.365501
2336.000000,25.498667,74.166664
2569.000000,25.020666,75.067284
2236.000000,25.518000,72.851173
1966.000000,26.069332,70.795166
1617.000000,28.202000,69.041557
1486.000000,28.448000,67.438423
1303.000000,28.835999,67.769951
1304.000000,28.812668,67.932236
1452.000000,28.046667,69.048027
1386.000000,28.269333,69.292007
1532.000000,28.507999,70.591133
2616.000000,27.778667,77.492882
2336.000000,27.701332,76.813553
4222.000000,26.291332,80.211090
3697.000000,24.889334,76.531616
4446.000000,26.626667,82.137146
4781.000000,25.402000,79.720184
4321.000000,26.341333,81.434975
3971.000000,27.863333,82.479019
3619.000000,27.031334,83.189514
3814.000000,26.750000,83.665833
1879.000000,29.026001,63.528713
1699.000000,29.119333,64.594810
1811.000000,28.723333,66.291565
1946.000000,28.262667,62.196533
1769.000000,21.326000,66.458755
1784.000000,21.256001,65.108627
1293.000000,28.862667,72.242821
1470.000000,28.363333,74.928207
1578.000000,27.544666,76.600334
3327.000000,28.074667,79.454521
2740.000000,28.149334,77.968224
3553.000000,27.896000,80.038849
1165.000000,28.690001,67.424530
3129.000000,27.675333,76.999992
3149.000000,27.691999,78.602524
1064.000000,28.760666,63.784458
1173.000000,28.702667,66.198975
1027.000000,28.842667,63.058350
2469.000000,28.341667,78.919357
2263.000000,28.338095,76.118073
1258.000000,28.797619,62.853298
1291.000000,28.926315,61.382420
1748.000000,29.112000,62.518642
1887.000000,29.142000,61.013927
3092.000000,20.976000,75.128365
3086.000000,21.166666,76.486748
3028.000000,21.202667,75.601120
3151.000000,24.459333,75.828781
2975.000000,24.917999,75.783165
2538.000000,25.357334,74.831650
2332.000000,27.541332,80.451630
2575.000000,27.341333,82.051956
3467.000000,25.351999,82.485153
