V1,V2,V3
25.442001,11.283998,145.870636
25.424000,11.612000,142.396454
25.437332,11.692001,141.384506
25.620667,10.903999,115.583649
25.916000,9.751999,77.219978
25.593334,9.492001,72.934074
25.507999,9.260000,67.977821
25.107332,9.148001,57.699150
24.779333,9.116001,55.731403
25.584667,9.164000,56.300217
26.350666,9.327999,58.292419
25.646667,8.208000,48.760303
26.037334,8.320000,49.024780
25.869333,8.043999,47.967079
25.526667,7.615999,46.942272
25.809999,7.496000,47.207340
26.023333,7.168001,46.019760
26.240000,7.064001,46.292221
26.190001,6.728001,46.647312
26.336000,6.392000,46.787304
26.073334,11.563999,115.585175
25.660667,11.775999,148.730896
25.645334,11.731998,147.608261
25.837999,11.819998,144.702408
25.594667,13.000002,151.858795
25.469334,12.920002,150.333817
22.254000,11.256001,128.530350
25.084667,12.191999,155.710526
24.757999,12.712000,176.496307
26.160666,10.007999,77.045715
26.244667,8.896000,65.208527
26.459333,7.796000,58.391369
26.259335,9.360001,66.715523
26.000000,9.300001,117.855484
25.802082,9.225002,120.741531
26.277332,8.623999,94.182915
26.289856,8.439131,88.599457
26.316666,8.212000,85.680275
26.383333,8.015999,81.904816
26.408333,7.725000,74.304298
26.389286,8.021429,77.003014
26.090666,10.832003,114.737518
25.933334,11.492001,120.123917
26.101999,11.563999,128.785645
26.226000,11.604000,132.599503
25.813334,13.039997,126.023468
24.386000,8.048000,49.204834
25.306667,7.800001,47.347656
25.582001,7.367998,45.965553
26.290667,7.276001,47.409588
25.127335,9.112000,55.064140
25.438667,9.275999,56.213703
23.515999,9.216000,60.631809
22.858665,9.048000,57.828568
22.013332,8.888000,58.542236
22.085333,9.964001,68.200043
22.542000,10.124001,71.829361
17.497334,8.792000,74.654366
18.136667,8.844000,78.253014
24.355999,9.652000,75.042213
24.255333,9.660000,79.017525
23.528667,9.804001,68.832298
25.226665,11.480001,124.969025
25.306667,11.731998,152.389832
25.157333,11.899998,148.378098
25.273335,11.516003,136.067688
25.955999,7.892000,47.553032
25.999332,7.736000,47.713947
26.388666,6.240000,46.203468
26.247334,7.007999,46.201298
26.206001,6.608000,46.370708
25.547333,8.408001,50.613201
25.174667,8.195999,49.249344
26.355333,9.283998,60.197544
25.980667,9.387999,61.852551
25.647999,8.876001,57.731434
25.609333,9.091999,66.048775
26.069332,9.460001,76.633018
26.055332,9.496000,79.939445
25.489334,10.928001,127.240585
25.784000,12.247999,163.297806
26.244444,11.766666,163.239700
25.780666,11.731998,144.806839
25.658667,12.524000,149.161652
25.737333,11.740002,146.386673
26.340000,9.731998,77.128464
23.642666,9.971998,74.336952
24.310667,9.532000,69.712921
24.804667,12.016001,157.891968
23.496000,11.139999,140.115524
24.655333,12.691999,171.149750
25.966667,8.400000,135.367905
26.378571,8.528572,106.575043
25.832001,13.904001,156.187042
25.327333,11.760000,131.076828
25.737333,12.368002,118.694130
25.947332,12.620001,121.453537
26.542593,9.299999,82.985596
26.406000,9.775999,92.828575
26.118666,12.671999,148.060593
25.690666,10.608000,98.394989
24.907333,9.940001,86.583771
25.573334,10.276001,94.304924
22.049999,9.647999,64.627129
17.730000,8.656000,76.520340
25.403334,11.679998,145.539536
25.379333,11.648001,150.732483
25.548000,9.396000,56.119488
24.195333,8.252001,53.485920
22.999332,8.528000,58.400772
23.626667,8.755999,55.912849
26.160667,7.559999,47.083416
25.778000,7.939999,47.948505
26.292000,6.820000,47.750931
26.376667,6.420000,46.973148
26.350693,6.350000,46.853943
26.302000,7.448002,48.226536
26.125999,8.747999,56.435638
26.280666,8.736000,55.370548
26.148001,8.272001,50.088104
26.145332,8.007999,48.371292
25.375334,8.199999,50.783642
25.986668,9.044001,62.148613
26.159334,9.292000,62.904667
26.224001,9.084000,58.799294
26.002666,8.931999,58.679413
26.201334,9.996000,83.168365
25.802666,12.119999,139.609756
25.414000,11.824001,152.441422
25.377333,11.288000,145.610092
25.409334,12.647999,153.716125
25.157333,12.519999,159.045776
25.059999,12.096003,161.110031
25.318666,12.296000,145.133926
23.874666,11.927999,135.746063
26.107334,10.792002,95.944511
26.554001,7.476002,55.537601
26.403999,8.403999,62.449947
25.871334,8.440001,56.144569
26.399242,6.190910,45.938316
26.320000,7.724001,53.583607
25.764000,9.043999,59.763035
23.432667,9.960001,72.841560
24.873333,12.288000,147.702026
24.557333,12.472000,158.529907
24.510000,12.524000,162.842545
18.152666,10.216000,94.538628
22.344000,10.636000,119.533623
26.565475,7.964285,92.436653
26.350666,9.980001,97.796310
24.799999,11.840000,123.422058
24.990667,12.199999,123.286095
25.846001,12.035997,112.857826
24.923334,11.836000,136.550049
26.323610,11.541670,147.998917
26.255333,10.000002,96.582184
25.128000,12.348000,131.109634
25.129999,13.152000,149.400528
24.982000,12.135998,139.733109
25.033333,12.700001,147.195374
24.799999,11.851999,97.379486
26.603846,7.784615,63.912361
25.601334,12.779999,177.693451
25.380667,13.916000,157.421494
25.973188,11.569565,169.976837
26.316668,7.779999,49.005753
26.312668,7.100000,48.806660
26.299999,6.779999,49.153004
26.142666,9.096001,62.303677
25.891333,8.684000,57.779865
25.981333,8.855999,59.449844
25.872667,9.024000,68.548027
25.722000,8.300001,51.632542
26.372000,8.007999,49.971123
25.949333,7.704000,47.873863
25.993999,7.760000,48.787891
26.288000,8.080002,50.300289
25.959999,8.212000,51.284683
25.604000,10.580002,120.381485
25.605999,10.628000,117.101166
25.746666,10.403999,123.436218
25.964666,10.348000,95.765549
25.937332,10.355997,99.499634
25.408001,11.184002,143.043030
26.125334,10.187998,83.197998
25.997334,10.164000,81.632729
26.429333,8.328001,60.540146
25.218000,12.480001,176.726273
25.086000,10.803999,144.690384
25.041332,11.636002,158.398972
24.066000,12.115999,135.773972
26.307333,6.224001,45.153927
26.360001,6.652000,46.684654
26.052668,7.596001,49.611294
24.742001,8.504000,57.166985
23.230000,11.020000,87.855988
22.200666,10.864000,89.757637
20.558001,10.608000,89.606262
20.302666,10.548000,96.043221
23.949333,12.264002,140.635071
24.778667,12.780001,140.698837
23.880667,11.032001,105.594101
24.873333,12.539999,129.494415
25.666668,13.800001,164.238174
26.534000,8.532000,69.026543
26.448666,8.596001,66.395905
25.815334,11.551998,91.391319
24.528667,12.908001,127.669281
24.648666,12.780001,151.487549
24.793333,13.007999,154.921127
25.582666,13.080002,152.638397
25.167334,12.528000,150.517181
25.677999,12.992002,163.175339
25.799999,10.976002,168.269547
26.232000,7.384001,48.372135
26.299334,7.379999,49.163261
26.326000,7.232000,49.590862
25.802666,8.256001,53.724480
26.326666,7.672001,49.119308
26.322001,8.636000,54.714211
26.173334,8.504000,53.654877
26.373333,8.427999,52.495625
25.589333,10.803999,125.532928
25.946667,10.411999,105.884003
26.148001,9.556000,77.849937
26.038000,10.160002,93.598976
25.908001,10.072001,158.809708
25.277332,9.944000,127.354073
25.764000,9.452000,142.221558
26.457333,7.036001,51.659836
26.448809,6.457144,49.911366
26.414667,9.000000,65.085945
26.440001,8.927999,63.980549
26.416000,8.379999,59.543293
26.419334,9.172001,69.221054
24.821333,12.299999,149.863602
21.114000,10.584000,86.337723
23.929333,11.320002,85.269882
20.774000,10.552000,80.712334
22.503334,10.952002,79.640343
25.380667,8.860001,60.161434
24.868668,8.700001,59.998093
23.816000,8.699999,61.865852
26.202000,7.340000,49.144112
26.388889,6.079166,44.214886
25.930668,7.580000,49.291958
25.570667,13.488001,165.122543
26.170666,10.092001,96.475975
26.507334,9.348000,84.885735
26.591026,8.284615,69.995018
24.584000,12.903999,145.659027
24.639334,13.136000,140.685699
24.443333,12.664000,147.972809
25.770666,14.204000,148.561279
25.573334,11.648001,101.320534
24.286667,11.320000,100.534363
24.784666,13.028000,156.817215
24.969334,13.540001,157.069489
25.639334,13.127998,165.358917
26.026667,11.935999,169.291870
26.310526,11.821051,159.380997
26.617592,7.816668,65.335060
26.353333,9.264000,74.602333
26.377274,6.327272,47.750473
26.369333,7.012001,48.827194
26.383999,6.688000,48.244808
26.316666,7.468000,50.511356
26.198668,9.443998,76.291313
26.171999,9.284000,73.251663
25.983334,10.276001,104.441620
26.248001,7.664000,49.654774
26.086000,7.364000,48.110222
26.407333,8.400000,53.610752
26.364666,8.820002,57.226612
26.268000,8.936001,61.965656
26.348000,9.091999,64.914230
26.318001,8.720001,57.593178
26.213333,9.332001,68.840767
25.894444,10.391666,162.580688
25.296665,10.940001,137.510193
25.590668,10.728001,127.067940
25.763332,10.792000,127.612366
26.469334,8.180000,59.281807
26.470001,7.424000,54.818542
26.534668,8.892000,65.048920
26.480667,8.379999,60.596527
26.467857,6.728571,51.310467
26.089333,9.560001,89.147636
26.441334,8.916000,67.976746
26.097368,9.373686,141.763977
26.688000,8.580000,62.566059
26.502001,7.855999,58.816406
25.936001,10.128000,107.022881
26.091333,9.687998,97.263023
26.309334,8.980000,78.047546
26.624666,8.768000,64.842499
26.516666,8.615999,66.653511
25.857018,10.626316,165.942001
26.464584,10.587500,119.934525
26.405001,9.695000,115.154839
26.507778,11.946665,134.017776
26.420834,11.390001,119.963715
26.093332,12.372000,139.473434
26.413889,11.799999,142.350403
26.315218,9.595652,91.079285
26.208000,10.084002,99.106133
26.134001,6.424000,45.118431
26.156666,6.803999,46.657780
26.103333,7.136000,48.776527
24.817333,7.576000,47.257904
24.691334,11.791998,134.637283
25.285334,11.771997,129.894974
23.799334,10.896000,88.640625
24.038666,10.552000,94.503159
23.092667,10.992001,77.151726
23.939333,11.136000,82.182175
25.764000,10.504000,102.945015
25.462000,9.748001,70.233788
25.340666,9.815998,70.462906
24.770666,9.468000,68.049667
25.545334,10.264000,87.107986
25.809999,9.208000,56.080708
25.456667,9.427999,58.722408
24.659334,9.339998,59.848904
23.560667,9.640001,65.436172
25.380667,8.076000,49.296646
24.653334,8.119999,51.796925
24.019333,8.424000,55.103958
23.456667,8.160000,55.945053
26.398247,6.247368,45.968975
25.738001,11.631998,101.736801
24.414667,11.987999,108.300644
24.410000,12.872000,128.068069
24.454666,12.927998,147.954346
24.456667,13.128000,140.416489
26.603334,7.716002,62.601772
25.986000,10.000000,91.257545
26.426001,9.323999,79.226639
20.602001,12.340000,98.807770
26.138666,10.440001,97.277252
26.012667,11.636002,105.666298
26.071333,11.952002,116.208710
25.566668,12.260000,151.884720
25.903334,10.359997,106.115944
25.715332,10.584000,119.961227
26.349335,7.783998,51.764275
26.356667,7.624001,50.606392
26.434000,7.532001,50.599934
26.413334,8.628000,57.022327
26.281334,7.935999,51.425838
26.396000,8.808001,59.490475
26.357334,8.848001,59.655640
26.373333,9.227999,65.855865
26.338667,8.912001,61.522453
25.593334,10.655998,125.544998
26.686001,8.368000,64.989067
26.568666,8.200001,66.725151
26.520666,8.316000,68.112907
26.360666,8.612000,74.663010
26.210667,9.128000,82.825027
26.145334,9.383999,93.610504
26.576389,7.633333,59.744442
26.835333,8.292000,58.390179
26.660606,7.786364,59.868713
26.777332,8.132000,58.920456
25.848000,9.724001,112.849335
25.864000,9.735998,118.095268
26.449333,10.435999,118.323624
26.482666,11.312000,117.840767
26.468519,10.672220,108.970695
26.257334,11.635998,122.413345
26.445238,10.528572,107.007751
26.014668,12.004002,133.937866
25.903334,12.640001,127.182411
25.591333,11.619999,122.616066
25.992001,11.799999,136.079651
25.889999,12.304001,139.212952
25.873333,12.104000,139.552139
26.032667,7.147999,47.799664
26.316666,6.260002,45.503120
26.177999,7.491999,49.247814
23.517334,9.104000,62.915359
21.926666,9.928001,68.309059
21.348667,10.240000,71.976479
23.646667,10.487999,71.851120
23.278667,10.403999,68.937462
23.493999,10.688000,80.482895
23.790001,10.376001,92.519630
23.667999,10.480000,96.604004
25.261333,11.775999,128.973404
25.185333,12.163998,146.503571
25.574667,11.360001,142.275909
25.618668,11.351999,139.398087
25.137333,11.128002,128.068634
25.883333,9.784000,75.313393
25.709999,9.667999,75.451996
24.886000,9.063999,57.414875
23.193333,9.575998,67.402107
25.222668,9.196001,56.072651
23.916000,9.243999,60.749920
25.085333,8.920000,52.251930
26.389999,9.207998,57.803738
23.874666,8.059999,53.242840
25.936001,7.143999,46.039070
25.860001,7.879999,48.332275
25.372667,13.512001,155.341782
25.750668,11.615999,146.251419
25.363333,12.708002,147.001358
26.586000,8.368000,70.826653
25.194000,10.868000,78.871483
26.039333,10.591999,101.028076
25.651333,10.956001,83.879295
26.143999,9.292000,78.992218
26.153999,9.660002,85.322929
26.105333,9.636000,87.286926
26.408001,9.032001,64.370201
26.361334,9.348001,70.634026
25.664667,10.511999,129.440033
26.419298,6.473684,49.801422
26.452000,6.587999,50.268555
25.804001,9.576000,122.300667
25.972668,9.408001,112.195152
26.552382,8.119047,69.885269
26.473333,7.940001,71.215744
26.697618,7.985714,65.054092
26.289333,8.796000,82.575211
26.809999,7.820002,58.143196
26.353573,10.192858,101.804024
25.980000,11.743999,124.086937
26.245333,10.728001,126.606407
26.452942,11.647057,135.386505
19.435333,9.707999,69.848175
22.705334,10.256001,70.734291
23.164000,10.300001,70.702324
23.582001,10.296000,70.509247
23.186666,10.128000,72.843430
25.096001,11.108000,122.436790
26.381819,6.309092,46.899693
26.356667,7.056000,47.786388
26.138666,7.492001,48.050385
24.103333,8.528000,51.040043
25.389999,9.424002,58.502003
23.830666,9.324001,57.272995
