V1,V2,V3
1285.000000,28.778000,67.384506
1292.000000,28.705999,67.085777
1296.000000,28.685333,67.094307
1486.000000,28.412666,70.506233
2501.000000,27.952667,76.674881
2735.000000,27.511333,77.208870
2913.000000,27.282667,78.189339
3567.000000,26.555332,80.702515
3877.000000,26.160000,81.252731
4496.000000,26.978666,81.987495
3989.000000,27.822666,82.493576
4311.000000,25.916000,82.077057
4013.000000,26.811333,83.126213
3824.000000,27.228666,83.397438
3843.000000,27.020000,83.088852
3869.000000,26.636667,83.018211
3619.000000,26.944668,83.062073
3264.000000,27.128666,83.203110
3004.000000,27.368668,82.719879
2891.000000,27.324001,81.163284
2659.000000,27.473333,79.865456
1392.000000,28.883999,72.247208
1643.000000,29.184000,64.093643
1666.000000,29.162666,64.359596
1721.000000,29.194000,65.662727
1846.000000,29.220001,63.930763
1885.000000,29.016001,64.223412
2036.000000,25.336000,66.690353
1767.000000,28.737999,65.786308
1566.000000,28.867332,61.815609
1777.000000,27.936001,76.505463
1532.000000,27.840668,80.200836
1332.000000,27.919333,78.121262
1557.000000,27.892000,80.445152
1108.000000,28.866667,64.202499
1033.000000,28.750000,62.206398
1348.000000,28.620667,67.319893
1471.000000,28.507246,69.246956
1519.000000,28.479332,69.889595
1564.000000,28.466667,70.047417
1727.000000,28.329166,69.943359
1672.000000,28.370239,69.642319
1315.000000,28.799999,61.795284
1529.000000,28.771999,62.347717
1719.000000,29.096666,62.115189
1789.000000,29.213999,62.225670
1678.000000,28.764000,65.005119
3529.000000,25.576000,81.883698
3252.000000,26.469999,82.841873
3019.000000,26.704000,83.256439
2588.000000,27.467333,81.839828
2225.000000,27.569332,78.412254
3902.000000,26.493999,80.790901
3807.000000,26.846666,81.029907
3814.000000,25.031334,78.323929
3790.000000,24.304001,77.295166
3572.000000,23.514000,75.060005
3412.000000,23.758667,76.853333
3689.000000,24.312000,77.242195
2904.000000,19.390667,73.365936
3186.000000,20.150667,72.599129
2320.000000,26.270000,75.379883
2242.000000,26.271999,74.627335
2672.000000,25.250000,75.047592
1583.000000,28.122000,68.957603
1395.000000,28.757999,66.916702
1399.000000,28.502666,66.523819
1421.000000,28.369333,68.545197
2547.000000,21.275333,64.345009
3861.000000,27.094000,83.143265
3759.000000,27.146000,83.242851
2670.000000,27.506001,80.240387
3053.000000,27.374666,82.852936
2933.000000,27.327999,81.290352
4467.000000,26.757334,82.385818
4110.000000,27.024000,83.493996
4558.000000,26.328667,81.901749
4155.000000,27.846666,81.972580
3656.000000,27.545334,80.886963
4594.000000,27.023333,81.489395
2925.000000,27.322666,78.699234
2471.000000,28.091333,76.201546
2340.000000,28.167334,74.831505
1314.000000,28.430668,69.536964
1548.000000,29.653332,59.664169
1443.000000,30.133333,54.225685
1685.000000,29.218000,65.115364
1803.000000,29.222666,64.846161
1712.000000,29.154667,66.152748
1162.000000,28.156666,76.024124
5544.000000,26.280001,60.081436
2606.000000,25.419333,75.999481
2535.000000,25.944666,76.601631
1744.000000,28.462666,64.844093
1942.000000,26.782000,65.239380
1582.000000,28.637333,63.023956
1122.000000,29.383333,55.324078
1005.000000,29.019047,63.735336
1908.000000,29.526667,59.992321
1873.000000,28.378666,63.608276
1679.000000,28.480667,66.704391
1478.000000,28.744667,65.985207
985.000000,28.514814,69.673439
1017.000000,28.596001,68.218094
1745.000000,29.615334,60.137840
1836.000000,28.219999,72.508171
2100.000000,27.170000,73.869888
1921.000000,28.013334,72.868820
3741.000000,23.642666,76.755127
3171.000000,19.691999,72.496918
1360.000000,28.705999,67.146126
1367.000000,28.794666,67.556656
3990.000000,26.968000,81.829140
3775.000000,25.490000,81.838737
3864.000000,24.480667,77.564102
3968.000000,24.986000,79.899506
2970.000000,27.325333,83.315697
3318.000000,26.962000,83.224190
2454.000000,27.472000,78.856316
2312.000000,27.530666,79.319832
2693.000000,27.485416,78.330048
3359.000000,27.488001,82.299477
4255.000000,27.473333,81.885391
4166.000000,27.614666,82.440475
4125.000000,27.360001,83.571075
4006.000000,27.313334,83.258415
4565.000000,26.567333,82.105698
2978.000000,27.573999,79.658699
3899.000000,27.724001,80.843735
4186.000000,27.669334,81.795837
3172.000000,27.474667,80.586662
2940.000000,28.799334,70.439522
1330.000000,28.132000,77.864479
1839.000000,29.032667,68.608368
1606.000000,28.983334,64.563599
1622.000000,28.832666,65.845734
1835.000000,28.961332,65.501793
1830.000000,28.849333,64.685844
1802.000000,28.834000,63.847546
1848.000000,28.690001,67.119392
1891.000000,26.948666,65.822716
1559.000000,28.458668,75.719658
1155.000000,27.951334,78.214714
1242.000000,27.966667,78.914803
1958.000000,27.259335,81.639023
1530.000000,27.519697,79.925331
1637.000000,27.662666,79.142921
2107.000000,27.194000,82.592522
2823.000000,25.198000,76.248322
1687.000000,28.291332,65.730789
1638.000000,28.198668,64.213173
1611.000000,28.264000,64.116898
2225.000000,20.567333,68.242622
2091.000000,25.243999,66.770096
1058.000000,28.897619,65.328850
1020.000000,28.676666,68.189713
1870.000000,27.660000,63.986485
1803.000000,27.842667,64.636620
1486.000000,28.458000,67.638763
1937.000000,28.122000,62.019829
1528.000000,29.877777,56.594448
1034.000000,28.556000,69.226654
1847.000000,28.166666,63.505566
2047.000000,28.694666,60.403992
1895.000000,28.265999,62.008362
1966.000000,28.505333,61.887135
1623.000000,27.045334,70.680061
921.000000,28.200001,77.643288
1540.000000,29.846001,56.661453
1910.000000,29.138000,61.284370
1377.000000,30.159420,52.201553
3691.000000,27.518000,82.587845
3005.000000,27.515333,78.845062
2814.000000,27.507334,76.637184
3646.000000,27.701332,80.683815
3387.000000,27.327333,80.895905
3547.000000,27.464666,80.995941
2836.000000,27.658667,77.533981
4473.000000,26.943333,82.779114
3714.000000,27.602667,82.467537
4196.000000,27.086666,83.207855
4103.000000,27.161333,83.045532
4025.000000,27.509333,83.279686
4299.000000,27.181334,82.805641
1320.000000,28.454666,69.848755
1354.000000,28.397333,70.367584
1225.000000,28.692001,67.884148
1745.000000,28.404667,72.207191
1666.000000,28.442667,71.481926
1221.000000,28.681334,67.259766
1615.000000,28.063999,77.466972
1783.000000,27.807333,78.292671
1296.000000,27.954666,78.077965
1586.000000,29.382668,59.198715
1614.000000,28.434666,65.611511
1605.000000,28.683332,63.655888
1881.000000,27.130667,67.156380
1686.000000,27.410000,80.468071
1701.000000,27.524000,80.517128
1977.000000,27.333334,81.332275
2636.000000,26.120667,80.832558
2143.000000,25.434668,71.772530
2213.000000,24.423332,72.428818
2286.000000,22.819334,72.074539
2327.000000,22.733999,68.436356
2018.000000,27.279333,60.246784
1884.000000,28.092667,61.690140
1685.000000,26.336000,66.153000
1807.000000,27.850666,63.851681
1731.000000,29.602001,58.772942
3283.000000,28.423334,61.896488
959.000000,28.223333,76.719017
1010.000000,28.066666,79.001862
1493.000000,27.908001,74.613358
1779.000000,27.474667,65.197296
1865.000000,28.197334,62.796036
1916.000000,28.432667,62.048996
1868.000000,29.224667,62.183987
1916.000000,28.722668,61.872074
1720.000000,29.574667,61.081165
1321.000000,29.854000,53.695934
3604.000000,27.418667,82.195732
3425.000000,27.518000,81.418251
3267.000000,27.558001,80.360435
4223.000000,27.094666,81.920212
3690.000000,27.521999,82.442642
4017.000000,27.655334,82.295044
4159.000000,27.474667,82.616028
4010.000000,27.649334,82.894325
1256.000000,28.520666,69.640877
1517.000000,28.559999,70.991814
2414.000000,28.187332,75.090698
1806.000000,28.441999,72.171906
1245.000000,29.770666,55.447441
1124.000000,28.312666,65.419678
1084.000000,29.129333,60.734943
3218.000000,27.746000,80.467110
3118.000000,27.678572,78.014366
2950.000000,28.105999,79.007408
3167.000000,28.097332,78.991196
3342.000000,27.948000,79.164688
2603.000000,28.222000,77.496719
2431.000000,28.122000,72.018242
1595.000000,28.271999,65.523033
2286.000000,23.285999,72.026955
2216.000000,26.073999,73.297989
2454.000000,22.767334,71.294540
2396.000000,24.480000,70.921593
2775.000000,26.933334,79.913467
2807.000000,26.362667,79.735626
2874.000000,25.363333,77.072807
2019.000000,27.450666,80.576752
1755.000000,27.456249,81.122925
2200.000000,27.199333,81.591911
1740.000000,29.546000,59.274910
1067.000000,28.450001,70.897736
953.000000,28.486666,72.158035
920.000000,28.296154,75.448776
1914.000000,28.028000,61.241993
1877.000000,27.944000,62.284309
1963.000000,27.955999,60.428513
1901.000000,29.308666,62.404957
1488.000000,27.892000,69.745880
1673.000000,26.604000,68.168434
1872.000000,28.456667,62.790398
1932.000000,28.624666,62.304283
1615.000000,29.575333,59.442924
1443.000000,30.038666,54.853668
1422.000000,30.135963,55.101665
944.000000,28.243519,77.256569
1037.000000,28.091333,76.996979
2919.000000,27.543940,77.861588
3172.000000,27.572666,79.834564
3035.000000,27.568001,79.131783
3432.000000,27.576000,80.726654
2355.000000,28.198666,75.755341
2496.000000,28.087334,76.770073
1509.000000,28.551332,71.045799
3896.000000,27.458666,82.724434
3836.000000,27.255333,82.523087
3871.000000,27.737999,82.464287
3871.000000,27.814667,81.303841
3617.000000,27.854000,80.457321
3422.000000,28.018667,79.821098
3851.000000,27.770666,81.215584
2893.000000,28.003334,78.354042
1283.000000,29.893055,53.408176
1183.000000,28.456667,67.781830
1227.000000,28.557333,69.223831
1178.000000,28.785334,68.022614
3112.000000,27.987333,78.989403
3055.000000,27.868000,78.196831
2866.000000,28.212000,78.148895
3102.000000,28.035999,78.472557
3067.000000,27.752380,78.980904
1722.000000,28.369999,72.778931
2474.000000,28.214001,77.299232
1029.000000,29.498245,58.656170
2785.000000,28.270000,78.554779
2899.000000,28.001333,78.602348
1413.000000,28.508667,70.517380
1523.000000,28.503334,71.301277
1897.000000,28.340666,73.522652
2598.000000,28.266666,78.128807
2342.000000,28.245333,76.771904
1223.000000,29.907017,53.231792
3112.000000,28.685333,67.946198
1655.000000,29.216667,61.762104
1674.000000,29.071667,63.056561
1603.000000,29.718887,58.914627
1530.000000,29.304167,60.477020
1835.000000,29.330000,61.652657
1673.000000,29.855556,56.536415
1147.000000,28.490580,65.224297
1195.000000,28.560001,64.418869
2048.000000,27.227999,81.086555
2097.000000,27.308666,81.128761
2182.000000,27.321333,80.334457
2806.000000,25.993334,81.920982
1573.000000,27.796667,66.324638
1629.000000,28.246666,69.410477
2053.000000,26.033333,74.229080
1947.000000,26.357332,73.970177
2415.000000,25.046667,72.877243
2222.000000,26.029999,74.308548
1706.000000,28.360666,71.817085
2618.000000,27.292000,77.650108
2837.000000,27.179333,78.001915
3101.000000,26.514000,77.661591
2120.000000,27.828667,74.707718
4131.000000,27.243999,82.015633
4143.000000,26.948668,81.505447
4125.000000,26.119333,79.932205
4587.000000,25.177999,78.523506
3667.000000,26.582666,83.300316
3874.000000,25.884666,82.385071
4126.000000,25.343334,80.982910
4029.000000,24.839333,79.726303
2371.000000,27.522808,79.479088
1467.000000,28.066000,70.727310
1719.000000,26.908667,67.553665
1806.000000,27.360666,63.947590
2820.000000,28.230000,61.326965
1894.000000,27.948666,60.929775
1862.000000,27.738667,62.312107
922.000000,28.182667,77.527206
1184.000000,28.102667,73.606667
1024.000000,28.299334,75.046478
1819.000000,22.973999,66.504593
1166.000000,28.491333,74.093231
1414.000000,28.541334,73.140816
1359.000000,28.878666,71.379959
1814.000000,29.171999,63.333328
1466.000000,28.519333,71.055367
1278.000000,28.573334,69.579872
3688.000000,27.638666,81.933037
3596.000000,27.613333,81.938606
3461.000000,27.686001,81.779945
3700.000000,27.882000,81.162109
3821.000000,27.539333,82.854515
3687.000000,27.932667,80.570686
3674.000000,27.897333,80.379730
3262.000000,28.070667,79.269623
3544.000000,27.931334,80.715134
1214.000000,28.532000,69.331841
2362.000000,28.322666,77.425911
2162.000000,28.286667,76.239830
2115.000000,28.282000,75.978035
1902.000000,28.298000,73.680145
1690.000000,28.333334,73.217941
1525.000000,28.476665,71.497589
2745.000000,28.095833,77.156120
2643.000000,28.275333,79.474197
2701.000000,28.178787,77.310768
2675.000000,28.251333,78.660439
1221.000000,28.570667,67.767029
1121.000000,28.697332,66.293495
1689.000000,29.226000,61.581715
1431.000000,29.261333,62.057987
1359.000000,29.032408,63.200596
1515.000000,29.177334,61.538914
1323.000000,28.971428,62.177750
1846.000000,29.158001,63.028980
1606.000000,28.920668,63.626049
1802.000000,28.495333,62.151466
1809.000000,29.189333,60.920902
1860.000000,29.176666,61.605980
1850.000000,29.151333,61.436993
2394.000000,27.220667,80.885109
2050.000000,27.413334,80.223618
2375.000000,27.422001,81.326759
3432.000000,25.092667,77.595924
3616.000000,23.703333,75.164513
2859.000000,23.124001,74.547523
2433.000000,25.473999,75.365501
2569.000000,25.020666,75.067284
2236.000000,25.518000,72.851173
1999.000000,26.094667,72.021965
1966.000000,26.069332,70.795166
1617.000000,28.202000,69.041557
1457.000000,28.492001,67.321617
1303.000000,28.835999,67.769951
1304.000000,28.812668,67.932236
1452.000000,28.046667,69.048027
2448.000000,27.868000,77.132729
2336.000000,27.701332,76.813553
4222.000000,26.291332,80.211090
3697.000000,24.889334,76.531616
4446.000000,26.626667,82.137146
4781.000000,25.402000,79.720184
4321.000000,26.341333,81.434975
3971.000000,27.863333,82.479019
4258.000000,25.152666,80.723747
3214.000000,27.044001,82.815422
3619.000000,27.031334,83.189514
4970.000000,28.904667,66.559784
1879.000000,29.026001,63.528713
1699.000000,29.119333,64.594810
1811.000000,28.723333,66.291565
998.000000,28.294001,76.171127
1652.000000,26.941334,74.812904
1260.000000,28.524000,74.241570
1578.000000,27.544666,76.600334
2068.000000,28.213333,74.411682
1901.000000,28.365334,73.640427
1833.000000,28.364666,73.304970
3327.000000,28.074667,79.454521
2620.000000,28.202667,77.192970
1165.000000,28.690001,67.424530
3060.000000,27.649124,77.018967
3149.000000,27.691999,78.602524
1064.000000,28.760666,63.784458
1173.000000,28.702667,66.198975
2001.000000,28.344444,74.731194
1938.000000,28.317501,73.383705
2263.000000,28.338095,76.118073
1631.000000,28.392000,72.351074
2561.000000,28.260000,78.026413
1258.000000,28.797619,62.853298
1638.000000,28.941334,61.580379
1748.000000,29.112000,62.518642
1663.000000,29.747059,59.776943
3086.000000,21.166666,76.486748
3151.000000,24.459333,75.828781
2975.000000,24.917999,75.783165
2538.000000,25.357334,74.831650
2496.000000,25.007334,73.650604
1631.000000,27.934666,69.322411
2048.000000,27.524242,79.707008
2332.000000,27.541332,80.451630
2575.000000,27.341333,82.051956
3467.000000,25.351999,82.485153
3495.000000,26.858000,79.987251
3826.000000,25.247334,79.057625
