long,lat
80.354167,7.270833
80.354167,7.229167
80.354167,7.062500
80.354167,6.979167
80.354167,6.812500
80.354167,6.562500
80.354167,6.395833
80.354167,6.354167
80.354167,6.312500
80.354167,6.270833
80.354167,6.104167
80.354167,6.020833
105.645833,21.437500
81.062500,6.645833
81.062500,6.562500
81.062500,7.687500
80.854167,7.437500
80.854167,7.770833
80.854167,7.354167
80.854167,7.312500
80.854167,8.187500
80.854167,6.645833
80.854167,6.520833
80.854167,6.812500
80.854167,6.312500
104.937500,21.729167
79.812500,8.020833
81.729167,6.687500
81.729167,6.895833
81.729167,7.312500
110.354167,20.062500
80.520833,6.312500
80.520833,6.604167
80.520833,6.395833
80.520833,8.895833
80.520833,7.145833
80.520833,7.062500
80.520833,7.020833
80.520833,6.895833
80.520833,6.812500
80.520833,6.770833
80.520833,7.395833
80.520833,7.187500
80.520833,7.979167
80.520833,7.812500
80.520833,8.354167
80.520833,8.270833
80.520833,8.020833
100.604167,14.062500
80.312500,13.229167
80.312500,6.145833
80.312500,6.104167
80.312500,6.062500
80.312500,6.645833
80.312500,6.437500
80.312500,7.062500
80.312500,6.895833
80.312500,7.312500
80.312500,8.020833
101.312500,4.854167
81.020833,8.854167
81.020833,8.937500
81.020833,7.937500
81.020833,6.729167
81.020833,6.104167
78.854167,29.604167
74.770833,20.895833
80.812500,6.895833
80.812500,6.687500
80.812500,6.729167
80.812500,6.437500
80.812500,7.812500
80.812500,7.604167
80.812500,7.395833
80.812500,7.437500
80.812500,7.520833
80.812500,7.270833
80.812500,7.354167
80.812500,6.937500
80.812500,7.979167
100.062500,7.520833
80.812500,9.270833
120.604167,23.062500
81.520833,7.520833
81.520833,7.229167
81.520833,7.020833
81.520833,6.354167
81.520833,6.395833
80.479167,7.104167
80.479167,6.937500
80.479167,6.812500
80.479167,8.354167
80.479167,6.520833
80.479167,6.437500
80.479167,6.020833
80.479167,5.979167
80.479167,8.645833
80.270833,6.020833
80.270833,6.770833
80.270833,6.520833
80.270833,6.437500
80.270833,6.395833
80.270833,6.687500
80.270833,6.604167
80.270833,6.562500
80.270833,6.979167
80.270833,6.854167
80.270833,7.145833
80.270833,7.062500
80.270833,7.520833
80.270833,7.979167
80.270833,13.104167
67.812500,24.604167
108.020833,16.270833
88.354167,25.854167
80.979167,6.729167
80.979167,6.479167
80.979167,7.395833
80.979167,7.312500
80.979167,7.687500
80.979167,7.729167
103.812500,1.354167
80.937500,7.979167
80.937500,7.854167
80.937500,7.645833
80.937500,7.729167
80.937500,7.187500
80.937500,7.354167
80.937500,7.229167
80.937500,6.812500
80.937500,6.604167
80.937500,6.520833
80.937500,6.395833
80.937500,6.437500
103.812500,1.312500
77.687500,12.937500
74.729167,20.895833
80.770833,6.687500
80.770833,6.770833
80.770833,7.937500
80.770833,7.979167
80.770833,8.020833
80.770833,6.895833
80.770833,7.437500
80.770833,7.354167
80.770833,7.520833
80.770833,7.562500
80.770833,7.729167
80.770833,7.770833
80.770833,8.812500
102.979167,14.812500
82.979167,22.187500
81.479167,6.354167
81.479167,6.395833
81.479167,7.104167
81.479167,7.020833
81.479167,7.062500
81.479167,6.812500
81.479167,7.229167
99.520833,18.062500
81.437500,7.145833
81.437500,7.479167
81.437500,7.229167
81.437500,7.187500
104.312500,14.812500
81.270833,7.187500
81.270833,6.895833
81.270833,6.729167
81.270833,6.270833
81.270833,7.604167
80.229167,6.062500
80.229167,7.062500
80.229167,7.229167
80.229167,6.729167
80.229167,6.354167
80.229167,6.520833
80.229167,7.937500
80.229167,7.895833
80.229167,8.145833
80.229167,7.312500
120.229167,22.979167
80.895833,6.187500
80.895833,8.604167
80.895833,8.020833
80.895833,8.145833
102.062500,16.520833
80.729167,6.020833
80.729167,6.687500
80.729167,7.854167
80.729167,7.895833
80.729167,7.270833
80.729167,7.062500
80.729167,7.395833
80.729167,7.479167
80.729167,7.520833
80.729167,7.562500
73.854167,18.562500
73.854167,18.437500
120.520833,24.020833
81.395833,6.312500
81.395833,6.270833
81.395833,7.270833
81.395833,7.187500
81.395833,6.895833
81.395833,7.104167
81.395833,7.812500
81.229167,6.312500
81.229167,6.729167
81.229167,6.770833
81.229167,7.145833
81.229167,7.270833
81.229167,7.437500
81.229167,7.354167
81.229167,7.687500
81.229167,7.604167
81.229167,8.562500
80.187500,6.062500
80.187500,6.270833
80.187500,6.187500
80.187500,6.895833
80.187500,6.854167
80.187500,6.770833
80.187500,6.604167
80.187500,6.354167
80.187500,6.729167
80.187500,6.687500
80.187500,6.645833
80.187500,8.062500
100.479167,17.687500
80.020833,8.395833
80.020833,8.437500
80.020833,6.395833
80.020833,6.895833
80.020833,6.729167
110.020833,-7.479167
119.479167,-8.604167
113.270833,23.145833
80.687500,7.895833
80.687500,7.937500
80.687500,8.104167
80.687500,8.062500
80.687500,7.520833
80.687500,7.395833
80.687500,7.312500
80.687500,7.645833
80.687500,7.187500
80.687500,7.229167
80.687500,6.479167
80.687500,6.395833
80.687500,6.687500
80.687500,6.729167
80.687500,6.229167
109.479167,19.020833
77.604167,12.979167
88.729167,26.520833
81.354167,6.395833
81.354167,6.729167
81.354167,6.270833
81.354167,6.229167
81.354167,7.229167
81.354167,7.187500
81.354167,7.270833
81.354167,7.520833
81.354167,6.770833
81.187500,7.645833
81.187500,7.312500
81.187500,7.437500
81.187500,8.104167
81.187500,6.354167
81.187500,6.312500
81.187500,7.020833
77.937500,13.020833
80.145833,6.145833
80.145833,6.270833
80.145833,7.270833
80.145833,7.729167
80.145833,6.520833
80.145833,6.729167
80.145833,6.937500
80.145833,6.979167
80.145833,6.854167
80.145833,7.104167
80.145833,7.145833
80.145833,8.312500
80.145833,8.104167
79.979167,6.729167
79.979167,6.520833
79.979167,7.104167
79.937500,8.062500
79.937500,6.729167
79.937500,7.812500
79.937500,7.104167
81.854167,7.229167
81.854167,7.104167
81.854167,6.979167
81.687500,6.895833
81.687500,6.937500
81.687500,7.312500
81.687500,6.645833
81.687500,6.520833
87.687500,23.687500
113.395833,22.937500
105.937500,20.354167
80.645833,6.062500
80.645833,6.104167
80.645833,6.270833
80.645833,8.104167
80.645833,7.854167
80.645833,7.895833
80.645833,7.937500
80.645833,7.729167
80.645833,7.604167
80.645833,7.479167
80.645833,7.270833
80.645833,7.312500
80.645833,6.854167
81.687500,22.062500
81.687500,21.270833
80.437500,9.145833
80.437500,7.645833
80.437500,7.854167
80.437500,7.770833
80.437500,7.187500
80.437500,7.437500
80.437500,6.729167
80.437500,6.812500
80.437500,6.770833
80.437500,6.979167
80.437500,6.895833
80.437500,6.520833
80.437500,6.437500
80.437500,6.395833
81.312500,6.812500
81.312500,6.770833
81.312500,6.854167
81.312500,7.104167
81.312500,7.229167
81.312500,7.187500
81.312500,6.437500
81.312500,6.729167
76.312500,12.312500
76.312500,9.687500
81.145833,6.270833
81.145833,6.937500
81.145833,6.479167
81.145833,7.854167
80.104167,6.187500
80.104167,7.229167
80.104167,7.979167
80.104167,6.520833
80.104167,6.479167
80.104167,6.687500
80.104167,6.604167
80.104167,6.729167
80.104167,7.104167
80.104167,8.104167
79.895833,7.354167
79.895833,7.520833
79.895833,6.729167
79.895833,6.812500
79.895833,8.104167
79.895833,8.020833
81.812500,6.854167
81.812500,6.770833
81.812500,6.729167
81.645833,21.354167
81.645833,7.187500
81.645833,6.937500
81.645833,7.104167
81.645833,7.354167
80.604167,5.979167
80.604167,6.229167
80.604167,6.145833
80.604167,6.395833
80.604167,6.479167
80.604167,6.604167
80.604167,6.854167
80.604167,7.270833
80.604167,7.312500
80.604167,7.229167
80.604167,7.354167
80.604167,7.604167
80.604167,7.812500
80.604167,8.020833
120.437500,23.479167
80.395833,8.354167
80.395833,8.312500
80.395833,7.937500
80.395833,7.979167
80.395833,7.770833
80.395833,7.270833
80.395833,7.354167
80.395833,6.979167
80.395833,7.104167
80.395833,6.770833
80.395833,6.854167
80.395833,6.520833
80.395833,6.687500
80.395833,6.270833
80.395833,6.312500
99.645833,15.395833
81.104167,7.687500
81.104167,7.937500
81.104167,7.270833
81.104167,7.479167
81.104167,6.895833
81.104167,6.937500
81.104167,6.520833
81.104167,6.645833
81.104167,6.729167
80.062500,6.895833
80.062500,7.104167
80.062500,6.729167
80.062500,8.187500
80.062500,6.270833
80.062500,6.312500
99.187500,8.270833
97.937500,18.770833
79.854167,8.229167
79.854167,7.979167
79.854167,8.270833
79.854167,6.895833
79.854167,7.020833
81.770833,6.645833
81.770833,6.687500
81.770833,7.312500
99.979167,8.437500
81.604167,7.479167
119.687500,29.812500
80.562500,6.854167
80.562500,6.895833
80.562500,6.979167
80.562500,7.104167
80.562500,7.145833
80.562500,7.270833
80.562500,6.062500
80.562500,6.145833
80.562500,6.354167
98.812500,10.312500
78.520833,17.395833
